1000 1000
0 34 74 69252
1 277 346
1 847 883
1 11 507
0 82 869 41119
0 151 189 23908
0 629 705 74415
0 107 515 30771
0 122 334 25488
1 184 450
0 108 131 54947
0 331 644 4313
1 206 505
0 8 862 77330
0 209 669 68573
0 160 821 91552
0 577 596 50541
1 50 738
1 991 994
0 94 231 75071
1 573 615
1 479 502
1 32 821
0 86 725 40306
0 435 802 90214
0 78 528 36106
0 330 417 91359
0 278 956 39575
0 228 714 62522
0 384 675 75430
0 448 599 58471
1 105 222
0 415 952 60259
1 287 916
0 134 182 8475
1 260 305
1 482 846
0 226 649 58517
1 784 989
1 335 876
0 107 431 72120
1 278 898
0 206 926 64163
0 268 822 7123
0 582 989 98348
1 333 393
0 473 945 48870
0 423 576 25776
1 879 895
0 156 653 21093
1 315 673
0 508 536 9858
0 703 781 1838
1 109 860
1 204 448
1 104 434
0 646 706 52126
1 53 802
1 881 908
1 113 325
0 95 790 57893
1 311 738
0 460 929 81644
0 5 266 86302
1 74 447
0 340 385 44875
0 839 842 57773
0 105 956 14045
0 372 950 42150
1 236 779
1 205 944
0 304 987 93163
0 105 729 88482
0 254 728 1123
0 115 968 41885
0 234 533 56252
0 126 990 72596
0 427 991 70083
1 532 795
0 39 332 84844
1 612 743
1 89 954
0 676 808 97986
1 245 588
1 486 528
1 252 666
1 557 712
1 592 737
0 161 326 50501
0 188 847 67854
1 860 913
1 678 759
0 44 645 42301
0 551 592 22013
0 147 332 50132
0 626 795 726
0 674 776 54083
1 423 593
0 15 57 4110
1 316 570
1 24 906
1 379 885
0 289 797 56338
1 493 612
0 695 841 21694
0 206 542 40109
1 684 992
1 713 851
0 92 164 18150
0 555 722 28704
1 195 591
0 156 913 17848
0 608 724 48318
0 906 918 8136
1 209 815
0 428 979 66300
1 98 499
1 37 52
0 224 946 37258
1 268 560
1 154 915
0 172 418 31692
1 732 783
1 681 981
1 297 494
0 145 823 6943
0 456 829 45875
0 191 567 32522
0 615 916 28035
0 271 528 37792
1 107 265
1 21 136
0 424 585 41876
1 720 735
1 455 876
0 665 877 36588
1 363 574
1 2 656
0 808 959 79670
0 240 466 543
0 195 593 75431
1 55 920
1 484 745
0 420 495 31300
0 308 968 50144
0 132 144 19400
0 45 998 89653
1 251 626
1 58 589
0 267 519 79996
0 745 775 967
0 147 386 14917
0 132 761 61487
1 488 494
1 301 349
1 131 420
1 270 771
1 411 596
0 633 954 23655
1 209 938
1 544 731
0 182 575 93775
0 412 649 21992
0 143 732 7333
0 154 394 96638
0 114 857 56534
0 636 965 38650
1 126 985
0 31 551 18828
0 561 752 20342
0 336 544 37538
0 651 830 52860
0 46 378 99010
0 272 835 37988
1 98 821
1 40 543
0 343 635 62420
0 549 897 26426
1 697 777
1 259 319
1 490 722
1 748 885
1 115 886
1 631 959
0 400 827 11068
1 31 355
0 502 870 54447
0 74 194 80184
1 475 692
1 68 518
1 163 603
1 451 895
1 396 400
0 379 956 3570
0 55 854 56990
0 731 837 86367
1 397 500
0 15 840 69763
0 8 541 93927
1 520 962
0 62 445 94387
1 172 982
1 36 813
1 140 767
0 402 487 68671
0 530 554 89206
0 89 335 95533
0 208 789 57602
0 33 549 72659
1 40 126
1 41 709
1 149 513
0 21 854 6777
0 555 859 37943
1 543 609
1 59 608
1 549 946
0 120 359 7182
0 426 450 27982
1 115 883
1 354 735
1 179 662
1 441 581
1 354 867
0 310 911 23038
1 43 291
0 47 232 73446
0 578 829 56319
0 127 589 39912
0 385 957 58910
1 331 761
1 622 955
0 191 478 30678
1 197 294
1 51 80
0 223 304 63561
1 283 422
1 605 768
0 124 401 2424
1 326 542
0 300 330 99062
1 239 921
0 446 476 66347
0 362 553 49369
0 69 546 34452
0 559 908 51040
0 540 758 58596
1 85 336
1 159 749
1 199 586
1 278 818
0 163 948 70533
1 676 865
0 450 985 41527
1 1 703
1 482 937
1 151 258
1 266 817
1 392 716
0 507 912 47556
1 106 328
0 88 266 4996
1 247 960
1 620 754
0 280 793 88920
1 661 883
1 680 990
0 138 579 69439
1 15 23
1 585 875
1 705 792
0 108 826 96547
1 313 349
1 267 988
1 487 821
1 70 220
0 279 515 34307
0 44 137 34374
1 134 765
0 178 469 1941
1 209 437
1 610 637
0 367 872 14343
0 140 938 78475
0 521 681 32949
1 432 510
1 245 760
0 786 958 88448
0 142 217 81912
0 26 856 54945
0 338 427 30492
0 343 545 64681
1 274 499
0 194 301 2286
1 229 870
1 487 744
0 520 911 23194
0 140 831 43037
1 136 228
1 736 920
1 94 225
1 672 679
0 444 839 15651
0 374 948 57390
1 5 744
1 513 531
1 15 646
0 31 882 31471
1 65 875
1 44 249
1 441 903
1 89 334
0 12 706 72293
0 270 396 48904
0 181 745 22511
0 253 691 66483
1 47 262
0 207 414 59721
0 346 923 22883
0 397 756 21125
1 56 279
1 81 396
1 323 341
1 184 735
1 182 625
1 43 141
1 713 876
1 100 474
1 367 660
1 470 527
0 220 721 13498
0 271 480 63133
0 131 585 63015
1 110 564
1 801 979
0 881 888 45714
0 601 734 61221
1 248 600
0 303 484 79823
0 226 888 38170
0 247 633 26524
0 694 739 44294
0 328 514 38754
1 85 547
1 91 138
1 129 675
0 46 368 29645
1 322 731
0 310 736 12243
0 719 984 96950
0 407 864 94541
1 158 709
1 224 286
1 153 358
0 680 769 55673
0 148 983 52807
1 107 246
0 542 855 8045
1 93 423
0 312 742 33654
1 188 533
0 488 849 43840
0 449 961 36957
1 350 448
1 514 880
1 108 391
0 840 934 61979
1 709 795
0 348 602 72656
1 243 608
1 27 103
0 205 554 4608
0 405 809 20232
1 170 922
1 362 497
1 59 891
1 280 474
1 468 875
1 427 934
0 39 725 65396
1 345 654
1 271 544
1 230 757
1 103 472
1 257 939
1 240 539
0 532 609 37515
0 41 401 86925
1 257 701
1 96 364
0 178 271 10112
0 158 405 40737
0 298 667 92644
1 488 722
1 183 889
1 27 542
1 873 889
0 580 783 49986
0 869 903 76607
0 75 82 6859
1 573 874
0 385 810 56536
1 475 918
0 163 992 15467
1 265 570
0 606 796 18048
1 76 378
0 562 925 70538
0 256 938 78238
1 637 908
1 507 886
0 338 680 19085
0 100 531 80619
1 259 660
1 213 948
1 249 593
1 26 52
1 98 279
1 384 743
1 123 476
0 138 320 91280
0 672 720 86502
1 295 830
0 16 606 91545
0 605 879 73597
0 281 320 79941
1 196 794
0 247 490 22160
1 416 488
1 285 564
1 4 318
0 359 653 41354
1 92 121
0 201 416 79672
1 253 442
1 510 669
1 387 977
0 343 670 41962
0 344 961 97510
0 269 595 93799
1 195 963
1 568 973
1 662 899
0 767 770 42967
0 110 806 88555
1 167 982
0 43 688 48818
0 226 954 51054
1 283 983
1 96 113
1 216 799
1 562 738
1 204 462
1 109 188
0 597 782 41280
0 462 864 51735
1 46 600
0 596 897 48540
1 20 785
1 70 325
1 85 209
1 2 596
1 374 553
0 128 253 98883
0 358 863 90100
1 416 899
1 480 978
1 257 322
0 291 573 21344
1 677 756
1 552 935
1 301 877
1 157 336
0 321 727 22146
1 351 553
0 64 416 90941
0 209 956 99396
0 361 694 34419
0 891 960 24719
0 241 601 69265
0 227 358 79482
0 584 824 27655
0 77 101 99039
1 567 963
0 66 132 80825
1 304 345
0 610 716 13458
0 425 497 42854
0 936 973 59303
0 262 341 32263
1 80 192
0 76 160 54531
1 516 857
1 701 740
0 164 641 16741
0 141 591 33175
1 834 855
1 354 396
0 250 921 64524
0 592 813 5629
0 730 879 93440
0 442 838 12171
0 368 782 22876
0 441 667 21921
1 312 414
0 186 729 88796
0 202 617 87530
1 572 878
1 877 972
1 663 776
1 366 439
1 404 563
0 464 685 15499
0 360 391 32761
1 706 914
1 321 912
1 764 822
1 705 895
1 752 816
0 868 918 11818
1 530 803
1 409 466
0 728 861 35308
0 128 485 45756
0 161 890 39437
0 282 913 97381
1 246 254
1 20 329
0 307 692 29270
0 781 860 16359
1 262 455
0 9 557 21120
0 624 650 10437
0 34 773 28667
0 316 814 3821
1 182 689
1 9 534
0 556 755 76254
0 54 697 67860
1 368 508
0 573 965 65525
0 428 654 36484
0 439 886 5354
1 669 983
1 354 834
0 295 684 73913
0 177 403 27755
1 384 928
0 518 942 55712
0 75 191 35800
1 17 391
1 74 211
0 356 513 37658
0 229 487 94896
0 211 692 91490
1 140 344
1 267 520
1 684 949
1 339 368
1 36 205
1 443 718
0 533 819 64263
0 611 757 35485
0 234 733 96101
1 28 841
1 467 593
1 882 884
0 111 314 9615
0 58 268 78180
1 200 319
1 513 916
1 532 862
1 384 588
1 279 658
1 678 941
0 736 875 76829
0 317 690 35085
1 567 910
0 762 796 72245
1 335 553
1 785 947
1 621 869
1 143 180
1 457 804
1 783 824
1 637 647
0 152 596 27030
1 155 599
1 229 529
1 111 645
0 393 554 48072
1 132 289
1 295 986
0 249 900 33142
1 75 600
0 97 663 49369
1 10 897
1 116 557
1 165 267
0 3 39 56555
0 227 677 67170
0 121 727 25176
1 72 386
0 310 666 40003
1 141 592
0 155 837 87736
1 188 929
1 298 887
1 0 658
0 103 627 85007
0 20 133 71777
1 349 912
0 661 882 74811
0 679 733 65271
0 13 823 9392
1 56 398
0 15 386 8272
0 491 583 48812
1 557 989
0 383 453 89788
1 66 459
0 392 426 45936
0 309 738 8293
0 240 903 54863
0 555 849 8825
0 320 790 81635
0 492 800 41447
1 225 748
0 74 956 82948
0 211 961 20176
1 205 620
0 598 710 55237
1 406 446
1 871 987
0 148 683 99188
1 348 823
0 587 880 69971
0 288 739 92322
0 187 400 26332
1 203 354
1 691 980
1 788 924
1 605 808
0 57 119 25044
1 241 399
0 214 375 54515
1 547 948
0 28 389 48347
1 494 616
1 147 984
0 868 906 6404
0 315 382 71280
0 333 603 75748
0 176 983 63107
1 203 407
0 466 607 80567
0 6 305 18293
0 488 774 604
1 109 785
1 827 976
0 429 639 15637
1 167 903
0 34 925 44391
0 189 401 66743
1 33 531
0 37 948 6941
0 242 287 34318
1 145 876
1 583 903
1 489 827
1 388 692
1 319 579
0 327 962 79174
0 67 138 95583
1 14 307
0 637 833 17608
0 700 866 5078
0 653 945 78785
0 292 710 39433
1 165 856
0 106 494 47306
0 225 279 29472
1 263 611
1 196 955
0 308 933 75182
0 188 254 40900
1 407 510
0 441 833 65685
1 451 726
1 17 701
0 80 609 42685
1 213 472
0 224 814 57131
1 316 678
1 217 528
1 327 832
0 320 946 42796
1 90 235
0 561 847 42718
0 201 206 52168
0 428 445 55286
0 78 330 72739
1 142 632
1 29 753
1 279 551
0 669 751 42661
1 135 597
1 539 707
1 8 681
1 706 938
1 145 607
1 126 843
1 230 776
0 336 626 54650
0 820 943 24994
0 281 773 73972
1 418 561
1 632 845
0 555 633 72775
0 226 648 16467
0 295 299 84393
1 10 245
1 191 587
1 406 826
1 181 986
1 374 403
1 523 819
0 716 849 94516
0 487 884 6467
1 164 837
0 358 592 84914
0 438 516 96562
0 692 904 95111
1 5 360
0 159 277 57996
1 789 878
0 634 840 16564
1 358 444
1 359 882
1 227 988
1 596 966
0 429 947 2463
0 530 700 15441
1 28 691
1 770 848
0 84 876 56269
0 116 378 52780
0 313 902 33171
1 147 180
0 33 227 71244
0 160 283 29846
1 339 639
0 17 932 12646
1 157 503
0 89 223 22012
0 391 738 13877
0 415 614 52684
1 43 914
0 173 378 35002
1 375 836
0 813 821 17456
1 91 434
0 443 740 76555
1 765 783
1 85 434
0 637 820 42448
0 305 932 70555
0 113 689 17158
0 330 864 80187
0 204 439 29917
0 203 684 74091
0 135 708 52403
0 333 655 57311
0 135 683 26256
0 620 725 71245
0 687 969 65654
1 60 857
1 80 154
1 446 461
1 171 447
1 86 831
1 667 845
1 195 387
0 320 779 7654
0 284 504 43711
1 57 660
1 54 984
1 79 473
1 414 797
0 117 312 92503
1 769 922
0 97 651 88123
1 572 756
0 639 830 55445
1 230 758
1 415 835
0 118 209 88888
0 834 912 28473
0 4 377 63199
1 330 686
0 125 327 97876
0 481 750 76886
0 140 504 61567
0 430 659 89402
1 221 508
1 389 927
1 204 864
1 122 788
0 667 690 49006
0 559 777 61969
0 9 451 62936
0 17 883 66515
1 328 954
1 378 946
0 685 824 96726
0 111 678 91822
0 927 941 78664
0 342 650 53688
0 129 433 31390
1 388 960
0 76 224 25932
1 682 853
1 599 717
1 428 782
1 418 907
0 386 794 20325
1 94 513
1 261 872
1 325 968
1 581 830
0 79 918 70724
1 445 992
0 770 955 3810
1 217 590
0 115 667 93782
1 783 968
0 140 244 96677
1 301 780
1 442 639
1 12 841
0 161 964 49224
1 33 843
0 35 466 76465
0 47 917 41640
0 431 923 83613
0 249 605 10210
1 407 807
1 62 523
0 119 937 17227
0 693 976 82984
1 242 534
0 451 907 1921
1 350 747
1 414 984
0 343 430 53684
1 413 586
1 222 967
1 570 785
1 168 456
1 297 388
0 940 974 92626
1 225 254
0 897 978 29778
0 633 894 21279
1 733 906
1 463 493
0 573 596 87707
1 50 172
1 22 911
1 200 917
1 572 883
1 736 883
0 578 895 22992
0 376 587 39993
0 851 867 915
0 746 895 44510
0 444 944 66616
0 335 386 12576
0 131 421 52378
1 664 870
1 435 530
1 723 880
0 636 799 54312
0 433 615 44413
1 20 997
0 80 885 19339
0 257 593 41031
1 734 787
0 720 983 39178
1 475 780
1 145 191
0 29 500 30876
1 433 927
1 42 772
0 79 904 95363
1 913 925
1 50 472
0 53 120 65607
1 432 520
1 132 446
0 324 430 75997
1 194 666
1 537 946
0 310 448 57354
0 488 839 74455
1 247 959
0 667 917 56114
0 272 915 5531
0 183 536 13030
0 106 577 54965
0 125 479 6864
1 670 795
0 273 642 86783
0 474 983 84765
0 149 451 1132
1 362 525
0 218 759 64393
1 748 821
0 511 759 86491
0 136 661 47818
0 412 817 90815
0 211 940 41710
1 333 590
1 322 634
1 148 186
0 207 971 66635
1 851 904
1 48 147
1 283 575
0 493 514 73712
1 544 608
1 441 677
1 18 214
0 349 610 75757
0 400 523 77496
0 890 892 78140
0 134 177 81766
1 319 534
0 101 265 79553
0 315 824 19871
1 436 996
0 107 577 77494
0 128 464 38597
0 755 805 92118
0 322 539 79456
1 572 992
1 2 413
1 120 222
0 236 963 98490
1 242 938
1 127 310
0 577 710 34160
1 108 305
1 176 662
1 231 694
1 540 632
1 362 842
0 217 513 36507
1 399 520
0 106 385 40638
1 34 358
0 225 628 70110
1 337 840
1 171 557
0 46 110 35467
0 123 159 52981
0 526 597 33659
0 669 798 43496
1 235 410
0 121 986 33539
1 349 647
0 472 924 5807
1 905 931
0 186 908 68567
0 78 270 97900
1 385 727
0 237 624 82536
1 197 914
1 220 654
0 419 498 11925
0 45 321 98708
1 340 419
0 371 412 33814
1 18 765
0 673 920 53963
1 75 520
0 310 324 52801
1 669 897
0 238 496 16733
0 6 178 71666
1 465 851
1 634 678
0 155 439 14570
1 164 570
1 1 782
1 124 490
1 46 201
1 131 640
1 91 986
1 701 792
